# Created by Octave 4.2.2, Mon Jul 16 14:50:09 2018 GMT <unknown@unknown>
# name: bestWTrainGlobal
# type: cell
# rows: 1
# columns: 3
# name: <cell-element>
# type: matrix
# rows: 62
# columns: 30
 0.1223881894629545 0.1686168476185353 -0.2302392949979452 -0.6430806025673027 -0.2294806201344292 0.1283485152628979 0.2550907704760064 0.3819231120334789 -0.01707528254429635 -0.1554882707680784 0.1882977154149981 -0.4289949260843122 -0.1782309697323266 -0.533096351987471 0.4987935524954701 -0.5039446764980793 -0.6248936058969043 -0.3181128040131776 0.7424556977790105 -0.1867091667579313 -0.09637842257969979 0.2492233824313264 0.6466495460326547 -0.2367266182132431 -0.3208431877117039 0.7540624575820188 0.3028862579521877 0.145178668837262 0.3884085351264973 -0.07263621725183338
 -0.1933678001493955 0.07645087982215198 0.09137656415038041 0.1111564194615373 0.01940229224258602 -0.2291200233471401 -0.09833710712387157 0.6965733521850639 -0.3671037967798632 -0.3437079793712834 -0.3871484350223391 0.04385312835608769 -0.5642223310827794 0.3276758459233963 0.6396822366089231 0.588889967517968 0.2456616109903386 0.590754924367454 0.71107595780915 0.3037133063951066 0.1440781922051871 -0.3875941141160314 -0.3825672069842207 -0.720757362720411 -0.3712133573942261 0.4569947748833199 -0.592388528126312 -0.01124596524756489 -0.7475769105690088 0.4712843488056233
 -0.3383679662724565 -0.7490784967111002 -0.2518496410286105 -0.2895318671398627 0.4197150404127066 0.6098218963134737 -0.3260312609169631 0.01598946804409886 -0.09417871292161417 0.3631288781777728 0.122932945733524 -0.6383151585228591 0.5919053540738436 -0.4676855005626408 -0.3758969774817854 -0.6657020185958923 -0.1354885920424966 -0.3548941941910933 -0.1312925591131184 -0.5072807687661675 -0.2533040783360737 0.6980698668427675 -0.04726584185881494 0.5066528280321583 -0.1187923252022656 0.3135673807423239 0.01508223602464773 0.7343807399060426 -0.5049448527160195 0.7183145286220902
 -0.2892538505321914 0.3136327518096654 0.7350284716148547 -0.01826906663443754 -0.2001242809032182 -0.2138256831832634 0.4100077013814568 -0.1464736634920189 0.6421695150993977 0.3365749713876762 -0.03760810408288228 -0.1517703665620878 -0.4622550803016693 0.5883265744925283 -0.7283932371286973 0.660081293600737 0.6348579626977965 0.2197633533206173 0.2779232248451511 0.6386530163396676 -0.4554816867726978 0.3740351566949986 0.4019243773843361 0.09518353401308458 -0.06419712995779625 -0.4649059867571471 0.08305135451143578 -0.07143237983008922 0.09615298619330612 0.4929616705242176
 -0.7102666980414184 0.2179651746564221 -0.2432010935414454 -0.5206282108554242 -0.3406846861468338 0.6289926577985248 0.3877338286325586 0.06563222636616106 -0.6863683067062885 0.07970923928492796 0.2899694861291102 0.7369419643139903 0.01293995121756136 0.3434675411100463 0.6502835221064838 -0.08423213166275453 0.6834579887896008 0.7282017054782723 -0.305958375412301 0.2391846381243539 -0.06450203539544057 0.5237881391374341 -0.1700773749542812 0.2728079009039329 -0.00939708854954458 -0.5213343110375128 -0.7200466128542309 -0.2732685477472452 0.1987775700825191 0.4652342972857053
 0.3334706420813053 -0.6017345607048006 -0.2183990653107202 -0.1244618984246235 -0.1450601668393093 0.6600758514162159 0.06832920537182562 -0.06945027727784026 -0.3404998771782912 0.06063657934784104 -0.09605674122089257 0.6072423076357842 -0.6067420464579374 0.01615892027084016 0.6490963407208562 0.1084642933441135 -0.6924667285408319 0.1746880619159447 -0.2350768996165661 -0.2837826478635169 0.1542537024308537 -0.2068762907511031 -0.241117987932098 -0.3792024212376858 0.1708873816536903 0.7109149153653556 -0.3499631025236318 0.1973312026025789 -0.3796761643928991 0.07508052735750614
 0.3436339008737562 0.3620846015928887 0.7132385067669045 0.6655360563911146 -0.6970970529432086 0.7524767033826817 0.7414867315486989 0.2759291249075477 0.2698635328687846 -0.1343881205686105 -0.4372483504337722 0.587290908292646 -0.4205864055466273 -0.6012403155674125 0.08496181451885536 0.6384608482733851 -0.2574762896122018 -0.6212191464079825 0.1835713939039693 0.1713954306528276 0.07467465976979666 -0.2801751763274052 -0.02872933994238004 0.4487518912240081 0.7216844347072807 -0.1494089450213553 0.113428554917569 -0.2705473372396198 0.7542753956856704 -0.3937205445584404
 0.3705239016553417 0.004423933449715935 -0.4181620693733861 -0.01036232066993573 -0.4960084364410829 -0.2183358109894743 0.2959108428361918 -0.09310924369589671 0.1545410932466721 0.4036012270081896 0.6621516576128899 -0.3903139808257953 -0.3575385833535302 -0.1413939208696352 -0.02261962816246437 -0.7516963138742974 0.4217851468966792 -0.6764734015708797 0.2342072391053693 0.09746774468027762 -0.156978841544591 -0.3124758590754132 -0.7501139237795162 0.5711593714939628 -0.4208198163838306 0.1831125890018798 -0.6690391869454989 0.176619871261966 0.6397524931549285 -0.3029286597005904
 -0.4846622369926321 -0.5851444963055883 0.4107752625636986 -0.03721274106856514 0.531489052353746 -0.377457348547608 0.4236040757113272 -0.4530511886725104 0.1669305490957556 0.06659770833442626 0.07065457256858076 -0.6516773441052339 0.1333817780310544 0.5102032747585507 0.03822234279283557 0.7413574598489547 0.3703158487048087 0.646259900835805 0.4895819523544324 -0.01441057136683043 -0.1584387687420533 0.460807859022216 -0.2121393964158518 0.01241482147499738 0.1018101646702214 -0.5327180762711855 -0.003020864970237244 -0.126369128404107 0.3477283059968789 0.7030784323513291
 -0.6835729973467333 0.1591512980150523 0.6574015273888677 0.3254570527033593 0.5551355108869588 -0.4162264426722276 -0.2686546783510979 0.3238044297590468 0.3255985713998629 0.6362338217816599 0.09533922827628701 0.6390227237267074 0.1540166867990995 -0.5048980661947137 0.1930374928949335 0.4515522347516527 -0.1397939481906244 0.351189735726509 -0.4397204012139552 -0.1386975329620497 -0.4241306869477921 -0.6219648987938813 -0.6327048187760562 -0.05403848336853343 0.10445943744045 -0.03582355710548701 -0.05676616429283959 0.0611785794242047 0.06281289654813486 0.4934484067851524
 0.7227168430193005 0.6480374468484571 -0.08744034509090884 -0.1233613665733913 0.2761915941123826 -0.715417755684111 -0.581345328165189 0.1422844125907105 -0.4732610628556489 0.7500047352712278 0.2689995972995509 -0.1919407639844108 -0.4382532974947478 -0.09594923749972087 0.1578328534259065 0.5116989120464616 0.07311440549914189 -0.7081339562942928 -0.1060236866079992 -0.2812870527684643 0.5854895337273098 -0.2219324649672468 0.6294255377981097 -0.4111174921434963 0.1353635083083 0.1537947354200312 -0.05700515803295149 0.3562104996227233 0.7364741571802212 -0.2254524778114041
 0.7306878590472202 -0.1083236538037765 0.7400766610889006 -0.7087744767639663 0.3074129060709401 -0.7231336122263717 -0.7217111511961053 -0.6977579397890922 -0.3612749874165241 0.1413971713395979 -0.4458044486052027 -0.06608450269609058 0.2785095083175765 0.233615179025241 -0.5693635558764506 0.6841302615836846 -0.7049939444850669 -0.05598358049857945 0.134159036372054 -0.2000018469953112 -0.192777415678109 -0.2815914846472752 0.3048549835770358 -0.305736449006851 -0.2913847503359833 0.3346363939488632 -0.1845611764671632 0.6028894331395547 -0.4339779680103685 -0.07943433857221795
 0.2135338532365638 -0.1853668339352422 -0.4839534252836912 -0.7361651494923056 -0.2995447571791865 -0.5601080452793499 0.4201145949404355 0.07379449615128515 -0.6128891864641978 0.4881216778168495 -0.3945497615055923 0.6358600349421637 -0.4409454601190279 0.7181899268046065 -0.2204510741293473 -0.2820053800406692 -0.662287032801928 -0.001616582912928132 0.7547723754611515 -0.09267163316566941 0.1172940624290189 -0.6629432729263603 -0.2206894343847211 0.1832935256101769 -0.1304780833947021 -0.4380567785623021 0.1307123874596502 -0.4979248315690346 0.7288328040739231 0.6406973466926815
 -0.2973816082063912 0.7018894914925777 -0.3692887452002263 -0.6945421533509835 0.2242160729033736 0.6125739005317682 -0.7537663757884148 -0.1858483974380095 -0.06851412010424282 0.09759825591313065 0.2402068106207222 0.7551665957765765 0.3187167042778766 -0.1638203816516022 0.7017883575653524 0.6445107553386419 -0.01064652206867454 0.1711729834420004 -0.3681657022075635 0.08571381680450076 0.1725321379100405 -0.04919062562092157 0.6236143658443841 0.08269924422929974 -0.6560126408034396 -0.3753352505203515 -0.7269988140920627 0.1671588051992234 -0.1018073798281778 -0.2203189113719444
 0.1680566330411254 -0.1321948147545416 -0.08314697860544928 0.452929141987203 0.1158462640704306 -0.08977634058975199 0.2763260841802495 -0.6440157335582813 0.6856181935350721 0.4530381531532624 -0.7468702236510605 -0.3131567067633027 0.02493677177712749 0.4678474754182766 0.07872784551049661 -0.7091675916676146 -0.6561728310565805 -0.192766411790849 0.07577476223853152 -0.4084506757470988 0.2556949623817583 -0.6518098482815877 0.1055630196807219 -0.2652140488799215 -0.6325674616802921 0.5461250322461226 0.1925677043449338 -0.2306000953043873 0.559378211845443 0.5387519535376926
 -0.6855953011314614 -0.1216600997407572 0.3550406206853041 0.1842561376227966 -0.3115486363433086 -0.4304067417467155 -0.1949434105279373 0.6716660554272067 0.08683191834832177 -0.03658122934011323 0.4211494123367535 0.03115269612351024 0.01954554313843721 0.4431918965290797 0.7235559750750274 -0.10287009616407 0.1039440884906326 0.2690059630331818 0.2592957467718455 -0.62318744485352 0.5283338740828135 0.5113232847589274 -0.5036318422861896 0.2426110332144961 -0.1867507520985792 0.4623458643953633 -0.2944515500137153 -0.6515557495247811 -0.6133463315213995 -0.7492102212396694
 -0.5444005926304089 -0.7109808881026967 0.4398859585490526 -0.3180371419457393 -0.6405660171127753 -0.716788698027793 -0.6321907148264045 0.6095008190313765 -0.6778741929001623 -0.1752243932040599 -0.233576058651962 -0.4426730798912519 0.3281641930382807 -0.1849556732586458 0.1379422894191148 0.2960527037672196 -0.3941759833722018 0.7317089066859156 -0.02965907835583597 -0.483030690399912 -0.3383195322116159 -0.182460060716137 0.1289259236280852 -0.7115978800497381 -0.4531420897475461 -0.4000882496978709 -0.5570997746323064 0.0993628737940848 -0.6994996490950348 -0.414612365704902
 0.7288003594866184 -0.3012386785123627 -0.7465686991262885 -0.3005353836749374 0.364409064942034 0.3584836466884128 -0.5340524473770063 -0.5405474967434443 -0.1530745858242309 -0.4421665883181516 0.5781532137776498 -0.4262352649331487 -0.2589139775544566 0.1449298652325824 -0.05487813854898125 0.4517118109567673 0.138320544783792 -0.5321353594646406 -0.1160860357634576 0.02577868307441499 -0.2049798206654553 0.1856769362815072 0.445508646270387 0.02726231754113211 -0.04714122978304761 -0.2997283713294757 0.6678470874768407 -0.5885920572714444 0.3460660683425243 0.5930085156632396
 0.1782093211218682 0.3512734990910838 0.5962664461838072 0.2279527210877866 -0.4329008142535942 -0.06717303938601855 0.2050731373205513 0.3403566742250001 0.701242536238085 -0.565747576449715 0.440376542405775 0.07870725527854792 -0.0180073315689047 -0.03704865492230167 0.2406668450496457 0.4170526948314128 -0.3682024387506761 -0.562975107226473 0.3245438141437103 0.5439839764791233 -0.7318794833340372 0.3235451471686369 -0.3331468171760306 0.2326288201482741 -0.7037097180108499 -0.6987278509777752 -0.6776208666832685 -0.3838367279249036 -0.1935146596765262 0.02362603389599145
 -0.3761974466871311 0.6582655193292264 -0.5304639966537713 0.5944927211653931 0.001051104988052181 -0.2341020855673233 -0.3246063508573885 0.7427443845906382 0.3851291799224456 -0.4427664387936207 -0.03639085810934523 -0.7391495696586581 0.5595937183692108 -0.3613493507295111 0.2267703911071778 0.5642275698013075 -0.5239273158392541 -0.6791657015293426 -0.264150458395355 0.2460593590706794 0.02462422173473417 -0.3658207136736129 -0.4583259784164329 -0.3592015819683387 -0.4974249027648186 -0.2608751408058751 -0.4202801884977925 0.2499790377273844 -0.595583208332243 -0.4143394975654439
 0.6082606629298737 0.3742892898484906 -0.5919623492211086 -0.468347773224992 0.4532074897741167 -0.4695483280710978 -0.5807611303980816 0.6088129252385664 0.6791195637311119 0.7503531773433261 0.5477790551211378 -0.3082106781907246 -0.08983936462127487 0.2406170940089307 -0.169416644598943 0.5622402088824203 0.302850583507929 0.2359559969239267 -0.2686920400615109 -0.7159230236589552 0.5699015714583406 0.2936048785701733 0.02660741435146054 0.7274382728202895 0.3681460486264477 -0.04198534673492856 0.5074686396572724 0.4373159789723705 -0.6628793198656151 -0.1977283320893613
 -0.2030209068588439 -0.4134691777425624 0.6263298498933656 0.486314592946451 -0.6258925724446268 0.7317553413998051 -0.2239784044372037 0.374893432158561 -0.212006115263302 0.6669689380791584 -0.2177629216702491 -0.6367436883247973 -0.409489172534109 0.4278801375654814 -0.0583534853017042 0.2510684186086972 -0.5534291224589909 -0.1136372344710666 -0.07644771197333294 -0.5445372077285533 -0.5621386734407525 0.2568286721484032 0.5567377031546777 -0.5941708450727764 0.5684493704392004 0.6406981409621901 -0.494231044381413 0.4654561527250834 -0.1089000382378276 -0.2325655029151477
 0.7010675218071417 -0.3391566700591321 -0.2025015130889577 -0.5297269280184695 -0.5874054256183713 0.6165331660070693 0.6704626308285249 -0.3086421613161227 0.3873544512177789 -0.3912294603418666 -0.5753048768295596 -0.721891783608538 -0.699199836429734 -0.3393632127851842 -0.4620924123442646 0.531229712116247 -0.7202778683737249 0.7499310849477263 -0.5921614830077822 -0.2231744038886088 -0.114021250786607 0.5369129037675026 -0.03896906361924443 0.7239539129460176 0.7448996488232292 -0.2296958676946159 0.3206210803627275 -0.2789632884630705 -0.02216287007903035 0.1690180440403198
 0.548091126303033 -0.3209002024449397 -0.6500276618121881 -0.2163740276201965 -0.2286049913620214 -0.3657241235605968 -0.556748338645063 0.6266740360709905 -0.5116312158442539 0.1994779351050142 0.6678525965849654 0.6988921610353468 -0.5208147078942089 -0.07366091823375333 0.4286846969164612 -0.3468641886771308 -0.7352011643352354 0.5543408800096934 0.7555658526546908 0.5055353662136635 -0.1003152209886828 -0.4423938085756079 -0.3087591017018125 -0.587169920951463 -0.7415918757426641 0.5290536021576924 0.5320845800307037 -0.6804333849446739 0.5003824908064989 0.09132076415098031
 0.3681349039413352 0.6066253674318618 -0.03938030230477733 0.0564159950183913 -0.1057717452495949 0.3483578924718191 -0.6752318113578893 0.7167670605434721 0.1456167270964344 0.405057323757162 0.680835645131905 -0.1787585900998211 -0.6065132985942974 -0.04475858133538219 -0.6910299718132813 -0.5512995966623766 -0.07689235670987607 0.6424084262651569 0.03613369202336669 -0.357158427407022 -0.2435284224735188 -0.3954259088027778 -0.3695051054582938 -0.1483723195683622 -0.6440647861107431 -0.2788546412759218 0.2226691541549523 -0.09143427060174793 0.1357637016216189 0.4851076328186089
 -0.5196738554320488 -0.03856391125298562 0.1672179330103388 0.4364640190363069 -0.3404426473426383 -0.013335010414244 0.547129454731888 -0.6550935052082537 0.1052252247221779 0.3166655098133044 0.01289343664280126 0.05201050260239908 -0.3898420055844518 0.3219639861290591 -0.3749606186255054 0.2181881962802486 0.6762111050393677 0.04681915037710174 0.1657523965416574 0.7531542804237306 0.4567560951704652 -0.1279943155961668 0.6882023248972338 -0.1078920119776092 0.6731738248457774 0.4933488720709387 0.2391170828077145 -0.04980119043611203 0.6303925023122654 -0.4349103779361363
 -0.581396447516607 -0.7158802372207863 -0.1445888704984208 0.5438399542639794 -0.2067853018767507 0.5678599836056134 0.4598752495691725 0.1470090113818783 -0.7071185704731671 0.3185898300680173 0.03878249491829004 -0.6376433384035811 -0.5147557382585577 -0.07433230414307704 0.5815006197115316 0.08349907339299353 -0.6735873473199726 -0.2465146298171468 -0.6987604196126844 0.06534503539511818 0.6110243675767063 -0.006453664315650184 -0.7425960370788994 0.6718690806007652 -0.1998553513255477 -0.2561662685722815 -0.4124404711630811 0.5400234745173306 -0.3491860487682639 0.2684272476698856
 0.1391819161128259 -0.7138901229212028 -0.6087383553762519 0.3429321873102333 0.2775683578096211 0.5601651914577098 -0.24074016559205 -0.07284354971636237 -0.4551842926127065 0.1939139917238076 0.06059757084842091 -0.4824173802715041 -0.18197031596795 0.3403222813480625 0.08726016282307614 -0.3350780494238711 -0.2896595846660871 0.128232350866507 0.3244277308525926 0.1846760430406671 0.1563661898933024 0.5661341884180654 0.633859792287212 0.1748788656658855 -0.2570312525552061 0.3259655505253923 0.6585025290480443 -0.2365707405163809 0.2741957372591268 -0.5573164423239491
 -0.2266946884066904 -0.2196002704702645 0.1924284413549412 -0.3416101481280287 -0.2700800732194595 -0.515013977073986 -0.4253130545342422 0.6182611170560637 0.08729321701322958 0.1630588912346612 0.358112362767414 0.2136177108677718 -0.6215187065096129 0.1410708989308778 -0.7305744584029862 -0.3777110107487178 0.3090420499896912 0.2907055580584881 -0.4267632172355683 -0.1577727804197991 -0.531769943633243 -0.3160408192524974 0.03453801935023273 0.5357368119140385 -0.5225943836655732 0.4490938372958597 -0.5388865177541301 -0.02881524069475613 0.4994613719349829 -0.5210577415098303
 -0.4223577833144443 0.2123561927777315 0.5888156736781508 -0.1291336631090285 0.584808450382266 -0.2260075384797361 0.1752071301251578 -0.4964179399384528 -0.6095842214956523 -0.1350572923363402 -0.5453628174112608 -0.1886981182218986 -0.4843188153690877 -0.3980469207791116 0.6597114308456458 -0.7076311278542781 -0.517163323693288 -0.5827064802624168 0.5636339942159608 -0.4936676573854484 0.2794128693906147 0.4905015614848948 -0.05880423938674933 0.4381463739092956 0.7429629811097332 -0.1453114324422892 0.5646515628482425 -0.4259788369057728 -0.4094200928503741 -0.04898506342131011
 -0.2910416504965023 -0.1450048146886115 0.1022641420438667 -0.3323072792506619 0.1956333465496616 0.05115546062894454 -0.1062438354526469 -0.3970247972840421 -0.04101172188447368 0.372548309129404 -0.2970039947060247 0.2460434442289879 0.2827797474590807 -0.07239045846958933 -0.4518055900299296 0.2375482901556234 0.102223458064053 -0.7076075192204341 0.5371340686012347 0.5413507238567072 0.3598420260714921 0.4821363462715066 0.1368880105734493 0.7151418083396325 -0.2258892701428404 0.7150751907470618 0.7358967087444775 0.1372161828801547 -0.7068128327104315 0.2968188474791158
 0.3091514099037667 0.4809271307337772 -0.2482148276581226 0.4269057049445122 -0.1816386718486196 0.5588253632057755 0.08834896855776878 -0.2691596554526113 0.1269330311580553 -0.08626810169107525 0.1903592864401018 -0.2969083592595821 -0.5139654151362401 0.6946429287849968 0.7532523061093201 0.6141854428885771 -0.6902268315584378 0.3169847642548978 -0.6747736638358556 0.5182592665823399 0.404983187935865 0.184123326440288 0.07394666722398718 -0.5677272296304976 -0.3947517959997803 -0.5013601203373153 0.3810120285623347 0.2949613079851641 0.6769891687859173 -0.5440530240275199
 0.7289953270719411 -0.3106622461648597 -0.56258699297968 0.5024646443568809 -0.3076522998719488 0.08794047034687857 0.2621464457150949 0.1329928630646143 -0.561358922964269 -0.6687294345436839 -0.2458177821130123 0.08592677143607461 -0.5534761996307889 0.2734857564614629 0.6483134826812299 -0.4401314769516071 0.4398793491885027 0.2615387021297362 0.09404462648088405 0.5972709498781794 0.2950899557273722 0.5182895759357147 0.3719626759080323 0.3380961628634419 -0.05901768464591956 -0.08452206380955297 0.7353786362160365 -0.5361777510517505 -0.2120845917463277 0.2741911856943405
 -0.4502117615081731 0.3824791461009467 -0.3454507585297037 0.2052744751776117 0.2021592324962504 0.1288487614972565 -0.1452967187189785 -0.4623753098704978 -0.159202479336043 -0.7061313248305812 0.08655771668435351 -0.6405798424722917 0.2700266627232459 0.4268331413413214 -0.2998700250901414 0.01397162841483882 -0.731859083272802 -0.3612804466795843 0.6489728980723716 0.3152816531576788 0.1620742327099338 0.04041238655239203 -0.0331378287819234 -0.6108081457857155 0.4978556508506934 0.3208576163475804 0.02805086975349061 0.3350573740548008 0.1446883609037691 0.2693976667789659
 -0.2837027411455738 -0.425279439574178 -0.5411755805460152 0.5580274173659341 0.6715696142106645 0.39180335778453 -0.5152988413235784 0.6181246643818797 0.3757173821653692 0.2273624893858772 0.09058191948471267 -0.06067671338316782 0.3681065799191625 0.2781533992350537 -0.1399705107696161 -0.6272734260373536 0.4661310091080302 0.2260996689494178 -0.2394586178770017 0.162884034012913 0.4137264222307018 0.2453473758427241 -0.6200333550464733 0.4058633568860739 0.2223497397577368 -0.1243726812486266 0.5945508442152522 -0.4671411776057821 -0.6659082476376003 -0.5432266457111433
 -0.4749220503811194 -0.05015622051199303 -0.6825769394526787 0.1214734829781591 -0.06027093667520759 0.7413656975395176 -0.5023742384978611 -0.1363659676185258 0.7028207120198736 0.2163178901362526 -0.7332222640180849 0.5738540254789422 -0.01937372511787732 0.4225104590729992 -0.7482236052023647 0.1929304830931017 0.1071347609754309 0.2923291546041429 0.6933788861750607 -0.2195664403485933 -0.6310013708491807 0.1998306269198363 0.1254117139509379 0.2271000181281367 -0.01338757763991069 0.02886656078226344 0.5077655159698043 -0.6453464701524116 -0.3307153122339983 0.04982126944847182
 -0.643411057165973 -0.00735830690272814 -0.316879349574999 0.4779997413653735 -0.2310182304244165 0.294650294648819 -0.1832121217995912 0.5799245128296602 -0.2458759057517293 -0.4269056513884173 0.09572285151882523 0.1455347880905243 0.3148650281219736 -0.2056950496812085 0.5770209091244979 0.6642045228666724 -0.4914223708907862 -0.305004423912567 0.2884688453769805 0.08573953329374019 -0.07498408733413227 -0.23635794901861 0.6565160880925723 -0.3119295431440916 -0.317776487364555 0.5237468437774284 -0.09334384099439291 -0.7162278261101256 -0.6469073840921059 -0.02874668895840959
 0.4479922287475824 0.0451527646083667 -0.1154515592725113 0.7070997546889261 0.3052784988368277 -0.3360327815479637 0.5826766091334289 0.2997000577882065 0.7311938282630103 -0.2632080471654781 -0.7402331688630259 -0.5605852898237392 -0.5581429938324068 0.02602113846499401 0.5105758896705597 0.04861254350935226 -0.2022752555245948 0.7299237701781357 -0.2588770259481826 0.6848412622370327 0.7087189901181463 0.6617173962738401 -0.6937105237674568 0.6490375160322658 -0.150925521486056 -0.7552119688398808 -0.4112424566593342 0.009949282786620803 -0.6905925379751066 0.4785213683430253
 -0.5758333781913855 0.587364329580913 -0.4456251497062835 0.1987819323474228 0.4344365610120045 0.08630450504257743 0.1755595834057474 0.6429503337825206 0.7020182380448965 0.5166818618031789 0.04622428966465477 0.672506052194074 -0.2094149505861262 -0.4792384645355082 0.4811547034747355 -0.02119856192458745 0.5448484149033335 0.4917101886954097 0.1634796368265661 0.1289273751326755 -0.07690868186965651 -0.7130317506440847 0.4191395526431986 0.2023321474932026 0.1410140466412025 0.3912433597499361 -0.7108974855320268 0.7152155106938807 0.7101392322697314 0.08224078362827397
 -0.5383900935739477 0.2550637972187903 0.2853165512366465 0.04417255928389851 -0.03699427282234117 -0.3050168581864625 0.4809302783697439 -0.3129796150197293 -0.4227387112309784 -0.7336081407872572 0.5890375541285493 -0.4521622631645353 0.5365927898871419 -0.3275237498345751 0.1736122595388722 0.1106649706997452 -0.381382735431924 -0.3951342659315049 0.1420046724916831 -0.2077590063787117 -0.332554155329841 0.6591093458309611 -0.6914419202179578 0.3445772918128778 -0.006431351081242123 0.09526786021330588 0.572997593379335 -0.2598851972674981 0.7202427250129407 -0.4065396686883814
 0.6272666120751658 0.5368019354664605 0.5431224505128397 0.05355891367844304 -0.2648862594838315 -0.6927289925846415 0.6877820711253467 0.02480500528194305 0.1683642320602974 0.2444036388621103 -0.6252112578698544 0.7546808405143324 -0.5313754884028724 0.6578709363202628 0.5981998365288514 -0.3328379910013772 0.6895305250765176 0.7026477633354683 -0.02698811628673755 0.4737649452208779 -0.2555925652022368 0.6949779340720863 -0.6304509735285634 -0.5573637066678768 -0.04765546964329025 0.2130182542188315 -0.6471493137247523 -0.5498653703918425 -0.6821384835789311 -0.1069528384529852
 -0.4178705351233301 0.3255907872429534 0.5188869717578349 -0.7515913942752531 -0.5617865362457459 0.7206717436891918 -0.570064503902141 0.2248363851710076 -0.7044133353672317 -0.5579505911706242 -0.1963866276597178 -0.1334302743831637 0.4254074814336758 0.7035435561367747 0.6828337355965178 -0.7448726501831991 0.02430686605306634 0.04362609991234569 0.1576761835263891 0.5978119538522682 0.6088207262893808 -0.6255552419188695 -0.5248605122067123 0.2084982381335895 0.5738861286584466 0.5621055272127298 0.3386105754357179 0.7183214001141646 0.5009738272177259 -0.5182531706437496
 0.52140351451459 0.53532809893127 0.3031897875353749 -0.114840312516837 0.556712120237175 -0.3583485260643702 -0.03458220303234233 0.3322690917894134 -0.2082894516753454 0.3418673630961624 -0.1710377810828278 -0.161329987746849 0.2929829363446229 0.4947548169300884 -0.5890508835057718 0.4489454983638808 -0.3522095632351372 -0.4271311285273676 0.1332157396631755 0.2283277753403961 -0.4153295684428389 -0.3952314076822121 -0.6362515986190036 0.2155200975431601 -0.7245919047217378 0.6770360264970359 0.5651130305419473 -0.002149134047117825 0.6715393520753878 -0.5565423830365814
 -0.4728183840828894 -0.06349424049671092 -0.2795658532333239 0.05242423060175529 -0.09828139128053073 0.3611041747075697 0.3219741208160669 -0.1856338880784957 -0.03806190600884005 0.1712775297858057 0.1294042320485604 0.07124259492455196 0.1189199457164359 0.5130495379059202 0.0467979756905225 -0.02726847295431491 0.4521079711514139 -0.7295728517953937 -0.3390157439631859 0.69722819217516 -0.2105385450379866 0.1410923508577531 -0.07923974145272177 0.5533106526517392 0.513980080093018 0.4052055361519924 0.5385124815869392 -0.01046123680581706 0.1411555370980533 -0.6904053865179999
 0.2333043945468674 0.6864129005204554 0.6070677903968457 -0.2689011224092012 0.2626035520860684 -0.3256023885646378 0.01351186382045766 0.6994323252474659 -0.09371191640759868 0.2712317072967001 -0.09117078589193958 -0.1055231741509503 0.002419605875052414 0.2754202992104205 -0.7436458225945343 0.3556107075981192 0.1247040035070167 -0.270443094988337 -0.6087747418008506 0.7228751372368718 0.3023115628623615 0.2037797538193583 0.6656981943682694 -0.4493319564400912 -0.6774233562302432 -0.1798309315020948 0.6253453643601857 0.5995865446820888 -0.1108937046195589 -0.7205398103626299
 0.3632486372935346 -0.3273144724499635 -0.4175406638311254 -0.1475742317211706 -0.3969213329921215 -0.6853953782843601 -0.3153653287126582 -0.7379058983966958 -0.03788318070835527 -0.5076940342241167 -0.1615926818625167 -0.3383027603203317 -0.6795660440607606 0.476434784321708 -0.04104915333228336 -0.1449585605000801 -0.164280267914902 -0.6008746049691227 -0.4349068892196535 0.1828772228073707 -0.4969590262112389 0.5657311693349613 0.6392494289650354 0.6687315265572152 -0.02450667919292947 -0.05906672951206267 -0.7306193807915041 -0.6040584657563333 -0.5266254472820404 0.01279138017754694
 -0.2208297148743492 -0.6329937489306171 -0.2315971816717426 0.3198012446669516 0.192274658672272 0.4476153256233261 0.703931623267568 -0.005548548349455778 0.2882480020851912 0.2460389225685801 0.3034419063902138 0.1256486673511854 0.1583342784436488 0.09369293455263993 0.1310282391556872 0.3229643317462488 0.01635042178701979 -0.002516263952250869 -0.5745970336984787 0.4060541451532286 0.04930923922376067 0.6546036308364894 0.2546620439379251 0.5789699597968727 -0.1037135382383789 0.2227496491737005 -0.3581778082643915 -0.2422328090701807 -0.0227265911677395 0.6614082758682501
 -0.386598251679412 0.09090096343443597 0.638778845731109 0.1354233144544747 0.4317942729562333 0.05586724213639085 -0.3874363104229104 -0.6346253740323349 -0.5141465013467341 0.6501985892591807 0.4182586962117502 -0.7449914162451755 0.6052332702552508 0.4359112806937219 0.6625447001362236 0.4283901718144017 0.7223626486650464 0.04909207838179816 -0.6951850267014216 0.4542454733629801 -0.6571387852236245 0.1997218340518031 0.7266569449329111 0.3697425151244662 -0.6523439176765218 -0.4383928456515252 0.4115089004447701 0.622802187150759 0.2226218099634111 0.2728665315393025
 0.418486819177367 -0.6505345717350474 -0.2539365184450059 0.598839422074313 -0.5270626133872183 -0.7142043283776118 -0.6547777368854752 -0.5545343592879887 -0.1780282762019657 -0.5822486736306057 0.3653048928720942 0.2683270948678351 -0.4288628581926925 0.7269724735059709 0.07144245799742063 -0.2755066380794791 0.6141379678862245 -0.3715578863860688 0.009914732781955447 0.1358157973291475 -0.2130448235561103 -0.005943435209098138 -0.6310099904175359 0.3294030747767087 -0.6343921516658949 -0.3256636356259129 -0.03199175979868917 -0.05135694951647343 0.01710998545506085 0.2968213229561085
 -0.4283752176197467 0.2235121678528351 0.626959496722821 -0.3812291774083911 -0.6714705795473076 0.3422880929430236 0.4831186729225218 0.5256110931651178 -0.3079190064216593 -0.259687221181689 0.1994310923627692 -0.1749705414253457 0.04472464183823668 -0.2256518223313727 -0.2226080970146939 -0.6023581423635608 0.2236680164848201 0.08979146963566595 -0.2765974564689747 0.4767150789164808 0.3659441445697582 -0.2173284865902073 -0.5620016840130153 0.4071037563520963 0.2019792801077885 -0.6013070817647713 -0.2868260311173799 -0.3593624884053152 -0.1293361369795703 -0.5079652320085316
 0.01582802581655626 -0.02845031561297829 -0.6086071810099336 0.4771932572128381 0.5497292843181356 0.01230869785158383 -0.6200524546246514 -0.1891421410510681 0.4152581139552588 -0.1821890561830499 0.1993203121698531 -0.5996657358154173 -0.2118631946018648 -0.2121673556815263 0.4665452933420314 -0.04139718343487103 0.420350194821941 -0.2706182488445774 0.5882537777883405 -0.4674472383560485 -0.3826375330159599 0.1489461575606072 -0.3321189221136222 0.6776173521198767 -0.3642398924676448 -0.6291817160285227 -0.06401901658826605 0.5851430642032198 0.2572595959249279 -0.403406006834185
 0.7452420970901976 0.2068454345405119 -0.3652883219987364 0.6292351539898318 0.5060223033082999 -0.1944528311666616 0.1346162124511549 -0.4950397851968825 0.7003536207151195 -0.1020424031313331 -0.04679750995275034 -0.30128527691972 -0.7073770554552666 -0.5730080330074814 0.06529312206159309 0.08251440497626412 0.08806244944344184 -0.3814103623447838 -0.4644442343137951 -0.3245467645979083 0.7515275507671233 0.60999354444946 0.7092316364128639 -0.1276047119416405 0.1090013450364077 -0.1058551541699416 0.6875553312690238 0.4742553599615098 -0.1016438400477928 0.7212528579422697
 -0.5338886418687401 0.6310584140125564 -0.1585143447884917 0.5411483726070361 -0.4163559099311775 0.4047814578662329 -0.4802398847413513 0.7306014341049284 -0.4335571606403311 0.01394439549517978 0.6996012558831491 -0.5577873193309782 -0.3365917000153186 -0.3724269626353133 0.1211173814891439 0.7388731479562231 -0.6230208380913924 0.4384604173185769 -0.1425363443608722 -0.6339185670466053 0.2192128162579547 -0.334157391757747 -0.4424908098022507 -0.6616646879295545 -0.2690426772123223 -0.6541069783611052 0.738486977613921 -0.07714268881778324 0.321055329218401 0.5120810678168025
 0.2362777374251433 0.409933819489133 0.1519579186399192 0.3449048128502504 -0.006645829306449046 -0.3095990040766236 -0.553730445273822 -0.3168915970064636 -0.5927321962989133 -0.5520398295666815 0.4663266886579637 0.1522997428295448 -0.3248551137696588 -0.3264271484200593 0.4429921695073596 0.4739241640180569 -0.2850880976446288 0.2528057514553894 -0.3728710984405119 -0.3069183551175386 -0.4454899238522556 -0.3859622300353597 0.7031275435303564 -0.2071621068393829 0.2435290006361869 -0.7306757188043767 -0.6446879766324813 0.6922754832834855 0.05378727890752685 0.4871365322667168
 0.3600957446980934 0.2463164151070813 -0.4414152517701742 -0.5603269218102072 0.5058937128447976 -0.6213590519739794 0.0129752802359919 0.4212775714639116 0.04915317744535913 0.1420958332189229 0.684935544260261 -0.4335472524695072 0.348382051241139 0.1137045196403193 0.3718328953872511 0.3590024229928763 -0.06560890772850483 -0.3972057276568077 0.02228042088880712 -0.1163754330651467 -0.3196179142735003 0.09549574579832522 -0.2073793291911645 -0.1072020816999394 0.3495615793091689 0.5133703459496519 0.3708481261714182 0.03657372890636176 -0.2753096663824914 -0.2491655276707042
 -0.5349662397700744 -0.1080914131339085 0.3436872744711037 0.2250583437565093 0.5397259905610171 -0.7151710361665703 -0.6172498878833488 0.1701502138676478 0.4903626587510649 0.4484663628450116 -0.257531415513068 0.3613876734879775 0.3492761525494941 -0.6330383706620796 -0.5932415009315877 -0.4577431410840972 -0.6931588551421975 -0.5815065000414615 0.4453500851937152 -0.5023476369842138 -0.001212270081315531 0.3881584312130055 -0.3629201317338357 -0.5641787859485794 0.4716517274014533 0.3255584129319046 0.2821258515149076 -0.5447320033994483 0.1877992005176011 0.2739543606686456
 0.6727940211406052 0.338253384616491 0.7465916145695906 0.257588464797067 0.3876991784098056 0.4661020808940433 0.2025661081368123 0.5629388345092791 -0.49741967814301 0.06406407614029072 -0.7291230637361211 0.3549839804789612 -0.714136907403772 0.04692559995776174 0.6854472896483325 -0.6948936239216996 -0.1175966911077678 -0.4184495251441412 0.2097818286350837 0.7269619380041957 -0.2657641298220688 -0.3865137781579065 0.381550997525637 -0.05584808639893304 0.5112551997993858 0.6682777119008796 -0.574355626919572 -0.4235928431649905 -0.6752763097279931 -0.37083213822767
 -0.6606596241378212 -0.472032836769127 -0.6904688383022936 0.6556306403575759 -0.6862968612778779 -0.2660645936441384 0.1783501347385851 -0.2130973155814263 0.7259992365786819 0.1351333502481232 0.4157850427147399 -0.3864884514386516 0.1762733082068244 -0.06054871455543 0.6106546464946618 -0.4299331902040384 0.7461523795585064 -0.04878839688156551 0.04859818348106016 -0.5045745545761589 0.1398825609964668 0.5458625214577685 -0.5076666747131524 0.3346361372262017 0.3496190306871462 -0.5416552322080634 -0.06298970554801103 -0.3830664185954701 0.4058493437080079 0.5398895729974996
 -0.6935441185222183 -0.4214800954083048 -0.6102472240230064 0.6749273255039951 0.6996562926107844 0.3640608116010406 0.3734139826952232 -0.2745517896238686 -0.5671106513609422 -0.1657438617035824 -0.430171373309571 0.644451114284999 0.4139532357878625 0.6149542610052724 -0.391742747962204 -0.2590947748106348 -0.3676458553353568 0.231496639557664 0.3393934418600436 0.4196252085557323 0.6654793731556781 0.7235480921465695 -0.4538787802939811 0.09514630005817595 -0.03490078331275384 0.2305199708992411 -0.0271948265931638 -0.2302769757085515 0.2626156003584529 -0.4433610338427339
 0.2737561805010331 0.5971161918697367 0.7063027239842068 0.1265502342108239 0.3662158564351131 -0.2113616309153244 -0.4888736282960918 0.5937943442736372 0.3104779190834782 0.2997466148702916 -0.1527167030825487 0.4128520695223527 -0.194899308365436 -0.5861237776546623 0.3476908433043954 0.7065373429092593 0.6534215759079722 -0.3367600795693714 0.598304302074425 -0.04445754113787914 -0.1151959467756807 -0.4573563155632531 0.2633491160515997 -0.6724662859966667 0.3215304366625865 0.6180999984866647 -0.04623233564572925 -0.7280991317457725 0.6614005351463741 0.3102031494495648
 -0.3499823971367525 0.1395383609621264 0.3963818293928736 -0.3558260030681412 0.2419929728839051 -0.2382761430345344 -0.2786250900685908 0.2363293836680568 0.4634657607167857 -0.06885688232315676 -0.6029713124567723 -0.6518384961576932 0.7231068020776539 -0.6572064882075024 0.4682443154254562 -0.1030154125023843 -0.3188881128622088 0.5765542936955259 0.2617792800548208 0.2254836658538391 0.2844502319308039 -0.01539452695362067 0.3324591497715997 -0.4527920786314096 0.5554343416940796 0.1925403463239755 -0.1433725118132988 0.413013585225122 0.5648505346302607 -0.2258915829257804
 0.02931984730318771 0.3114883499284956 -0.1925914661828986 -0.7230067745709081 0.06987488764399549 0.6185016393031194 -0.3631384209184552 -0.4015853720917023 -0.5961141107514937 -0.1116438151345155 0.7301739972548921 0.7482952644963118 0.2079379403515565 -0.7246152411926263 -0.2373727601454345 -0.263561065874064 0.1059856567945351 0.4987386575130661 0.3764130920896067 -0.3786250700283653 0.5138024347630684 0.4335710098313131 0.1756450281419797 -0.277178945862706 -0.338501793734634 -0.7365423525043072 0.03247297631040303 0.3252858316764344 -0.6861423233543833 0.2765699567839113



# name: <cell-element>
# type: matrix
# rows: 30
# columns: 30
 -0.5400202789450378 -0.70818143658655 -0.1745380229621124 -0.1077936409086593 0.5579254209295132 -0.3291811261765218 -0.3559890788269326 0.2131262212520286 -0.006554881541908429 0.5252705302752839 -0.5538980832008684 -0.05263590733263492 0.2515608470157423 0.3240503089322637 0.6673688960722328 0.1462532834895541 0.511761237568423 -0.7017532486412881 -0.4377270896287768 -0.3731470160607396 -0.1159756300539382 -0.123284175720589 -0.5894603977273205 0.6950447831938883 -0.1612673695098208 -0.4804828359993735 0.3144885938622445 0.6486454872922006 0.3002138925356163 0.7080119184255411
 0.676664939483649 -0.1381638585736448 0.5354369523125051 0.3545244166562609 -0.6679691056903435 0.4160937791043156 -0.2687104400539547 -0.405543517890293 -0.009262433488201716 -0.1436163362332241 -0.5765853706319762 0.2468562596356536 0.5642959468736439 -0.2208928441780465 -0.3280915497309276 -0.173951105746211 -0.08139022869122584 -0.7223489738043032 -0.4951884471923067 0.11559834638618 -0.627889198284455 0.07480451874864472 0.3750706988895203 -0.4602392593519613 0.5496437340101882 0.1127014972762892 0.1746936040921102 -0.04949686876715998 0.5645434591067742 -0.08098041507921641
 0.6630145159863728 0.6259629790373622 0.4015046798611145 0.4920309578099369 0.3907755502620817 -0.6124827906112135 0.6421947618715339 -0.5599534845783574 0.6171893061457661 0.1312625616987623 0.08190148576614978 0.3336925731349178 -0.4397731572126588 0.5895710299473788 0.76777591473072 -0.1998147354684991 -0.2207739219477053 -0.433944406041015 -0.1447532450948236 0.6906864151638797 0.2180889561271865 -0.02879775804651293 0.2530050903005042 0.3567529375028615 0.6841405640069116 -0.527528187683017 0.05928401324256939 0.722655255632757 0.5313416969031842 -0.006043227235307079
 0.6448869331094822 0.6604690713590439 0.1733330476099728 -0.6405502978036409 -0.2271756605172601 -0.5739042545493961 0.6099382301309008 0.2602338334744416 -0.02699516395694901 0.7339993121111106 0.3828105566603052 -0.01217797762869933 0.1086046581275288 -0.7061418109442356 0.3388087290429836 0.486634329458134 0.3241671460623838 -0.5750702408000662 -0.204936169438932 -0.2346210092808541 -0.07788184788327372 0.379151150827208 -0.2895185563446458 0.1005051254959895 0.2388027698248534 -0.4133824495885083 -0.2429764949810711 -0.2760312620172197 0.0284241916939843 0.5900265639533044
 -0.05181586317723157 -0.05901782913144232 -0.0394976035409355 0.4606484609206666 0.2255186224644881 0.7190470914099215 -0.3850224463895598 -0.1744473228398151 -0.5883403535432823 0.0899347203382128 0.1326655605800127 0.466561461627895 0.6964976106468547 -0.3410910363636308 -0.01140734242693278 -0.6318296331954478 0.04544931235440872 0.4722729960491993 -0.3825261125967515 -0.7100290232802371 -0.1499776877001766 -0.6166674106927695 -0.4323084133909249 -0.4802995173251769 0.6167758067923143 0.5060945614384849 0.243192468779317 -0.4292565597836541 -0.2612831972425462 -0.452738945252913
 0.2878128052065871 -0.7000932470226323 0.3935996395880847 -0.1561284580895551 0.5395554638704282 0.6782241283149698 0.5837077574985838 0.3463039462594774 -0.310359990231826 0.06626381773266372 0.2268952090184249 0.7412433597022139 0.08934644839062332 -0.7459066868601593 0.4931438623717895 0.2455896898164344 0.5375070870398605 -0.1282219064337254 0.4407696126389841 0.2003251571977179 -0.5844222102073143 -0.06060881002478712 -0.6429657430968512 0.404500692431295 0.5579865899006157 0.3932942719432764 -0.2988952755278648 0.7079886037785924 0.6393923312848573 -0.1453542921878517
 -0.3513783893759404 -0.3119246356257706 -0.7155574969835667 -0.5598620788682748 -0.2355522641954341 0.1931276659569745 0.1882476791789265 -0.5356396951768804 0.6236362015270412 -0.6115958621366131 0.4516766707512531 0.4634234169701679 0.528737110731203 -0.309769343795931 0.1958791326604638 0.4086512336406887 -0.159075137474269 -0.1041882167431403 0.7117710836396498 0.2517128400776781 0.4280913953351122 -0.2536126673684663 -0.2135799903904928 -0.2063854979960554 -0.2714014506700653 0.2832515379150292 -0.6304056037508441 0.55546278733149 0.1778466224084595 -0.006287026028767553
 -0.03783931081657162 0.03696184580455977 -0.004742576905242256 0.4754423382513384 -0.1720384421501438 0.08512610040924765 -0.721277069316128 -0.3584159646821276 0.4204042006307896 -0.4853192938117765 -0.1785475925795178 0.7271690916125284 0.1195529280192247 0.01622005894556452 0.1237001586703737 0.3580915060963383 0.714941433091126 -0.01257540121634494 -0.6495355435226018 -0.0420967422526387 -0.4159437924494621 0.1516503031715956 0.07025908326166784 0.7434421887243763 0.6805902491736151 -0.7208976549025565 -0.4592859809146062 -0.01997249838324899 0.1368991894825453 0.1090572232870787
 -0.4628831315932943 -0.7561768345206173 -0.6043995828123777 0.03577332508226497 -0.6247900663739119 -0.08293145086032305 0.5104693602875831 0.1308684854372607 0.200855676389196 -0.1890920079705881 0.4035835101754155 -0.06454050589249513 0.67543289603913 -0.7410436772144511 0.4656276905750956 -0.5139963373824114 0.1411890800706185 0.0640651727841315 -0.02106335404489511 -0.4601185477464579 -0.0005693717940924061 -0.03317011475336986 -0.3572941909412205 0.4482817001296351 -0.1248777307785003 0.2216192931431098 -0.05607097755604307 0.5721897790848997 0.4219602159318585 -0.5176133199311761
 -0.1788139401597003 -0.07115809431445305 -0.3142615596650138 0.6757443960042082 -0.6803597693672014 0.04326716856767447 0.6005022169123894 0.3398365715585804 0.2432090894607151 -0.01015344867426265 0.5491384675674171 0.3961129543453647 0.4256261925038898 -0.1553764848068204 -0.2717945083814982 0.598430918544229 0.1128237060892072 0.1725792430652129 -0.07959532223668254 0.4495867699375143 -0.7643026795798042 0.6229266728503234 -0.2823149729869425 -0.3150478161962357 0.2971315298120235 -0.04988771329199791 0.7436400390130002 -0.3163954482725765 -0.4481503897839952 -0.6036683384017759
 -0.6235071218674325 0.2515242603034175 0.2334429604506535 0.2517293823768979 0.02227906896426661 0.2624512150670353 -0.7470040607969202 0.4099107724965748 0.7316822432594245 0.4094864646709361 0.219142636549164 -0.2162489198827095 0.0534277969060267 0.6461558799169596 0.04031329804746001 0.6651739779879938 0.4865514418728902 0.5021385321453579 -0.09072573671019704 -0.4937573875140931 -0.3344800510017235 0.5258985359466718 -0.4844109420589919 0.7037990508607282 -0.1883767736652064 -0.5053484733770288 0.5369386613593432 -0.2314848822382206 -0.3994347975322075 -0.3241748218842411
 0.6185041730299496 0.3450943656836665 0.6843330275629937 0.4808390163351525 -0.4777248790816876 -0.03265360528070864 0.4442602918069772 0.5819173046860812 -0.5695337547762409 0.7343574043828456 -0.509560024466472 -0.09062361854168359 0.5187521301012875 0.3434091437473594 0.5979199340400786 0.7481671720908919 -0.04086168328911646 -0.6723618211401555 0.6888287995673087 0.1650826782472105 0.6672656677159592 -0.3554896810344436 -0.4875721319015567 0.006695240016263057 0.7328712829563556 -0.6591895305009815 -0.7573368123840467 -0.1305469745942229 -0.5496798496561233 0.1241304727376367
 0.4007645526936356 -0.6301044393471892 0.7351121899940729 -0.07505177254585051 0.7379541457410512 -0.2987005245974797 0.2806014396247249 0.3034033250391247 -0.274677281368749 0.3227772226324233 0.4098240637977161 0.334790750957325 -0.6756564299875841 -0.2566939770760848 -0.08997498662953947 -0.6938925422079698 0.7176317019732076 0.5902924124310727 0.420817817438186 -0.01406510610817825 0.04126761516523596 0.423843989097872 -0.4280406776441118 0.09646231659541492 -0.6819077348529153 -0.5554251969255259 -0.4101484782945982 0.4199698681294868 -0.3736677980384617 -0.0003487782091806224
 -0.09087751597224754 0.6223585388688346 -0.4443830874737721 0.6907797890191644 0.02596391724687075 0.305058575720574 0.4892934170461638 0.3025579698761824 0.7640970594133294 0.4308078871422074 -0.4125947453818551 0.4728930994581763 -0.3352777114486043 0.4227643810897277 -0.5356328194293962 -0.09558590298914142 -0.7034430752580964 -0.4674353592225062 0.3065616490227623 -0.7656711060937043 0.08054628383717108 0.3645272929355031 -0.1180606541433937 -0.6503695988041268 0.3273776456718577 -0.5582851202472818 -0.3244742251643086 -0.06893376989120673 0.5511225255560124 -0.7340882018943035
 -0.6435136667538148 -0.1325822185374387 0.4780918026907465 -0.6636804216207496 -0.5047899422878989 -0.4476239857921359 0.3719634225565706 0.4143627645319336 0.2294766030407966 -0.02121753859571262 -0.3989346872910753 0.2165678948122418 0.7165783651640715 -0.2600618032533157 0.3782872626507623 0.3184202344677056 -0.6826176010149339 -0.6126425117462928 0.5687397911666661 -0.7215041951112461 0.7348454243050231 0.605858800131145 -0.3946238244783109 0.05146570883751025 0.5507282109651491 0.5434503463934194 0.1424410037950155 -0.1904265180678576 -0.316185858063405 -0.08882808258220022
 0.3090006603061117 0.5565062868515054 0.3351434165107705 -0.1211720300610627 0.3471794041477505 0.3130606510624477 -0.6358919268266576 0.5058018659464286 0.7045055136118049 0.04795576181443805 0.6877517588828134 0.4595061632442778 -0.3227144757248691 -0.2936227844692623 -0.5350714119316571 -0.07432039308185832 0.5947455743163952 0.3906399807551087 0.2413293594885688 -0.5797411388443127 -0.3134802850425135 -0.1758941752258604 -0.6952231712295101 -0.02478053784080477 -0.7222852001999026 -0.05760897915607077 0.2260545211245599 0.4981781192051861 -0.2437796821305528 -0.4899340691155841
 0.08609291574477723 -0.1590809517906755 -0.0142049966778218 -0.3293105418469128 -0.3860163554307312 -0.3406376323979445 -0.3411916241435656 -0.2820978689122692 0.3999789979338929 0.6383420158964561 -0.6570399260309934 -0.2228308261667929 0.2337658352249388 0.1023892889451584 0.001512370124149843 0.08173581272115464 0.7406532874874938 -0.2007457517363665 -0.2991573756019018 -0.0150118238057882 0.5295366437593662 -0.5942495342641533 0.2570761140428705 0.6408981719660058 0.2759872281435569 0.2999476178538286 -0.4282357480225858 0.09320977409757829 0.06953925224086942 0.6973622052555002
 0.6012371098321966 0.5163632243098196 -0.1616608607990766 0.6049088033868163 0.07003116747475695 -0.2077255436719255 -0.1770548455963357 0.3210934288708298 -0.3345959149757025 -0.5057660753398333 0.6722331531220689 -0.5878084969231022 0.1150506425634263 0.07169625695318638 -0.217485943907964 0.5303764904230004 -0.4362265805297463 -0.6469851909428832 -0.09830927883394949 -0.2175858929952904 0.6484472444323942 0.534887648837055 0.4696065593987762 0.09472624028658914 -0.5063719042835839 -0.3918001064063988 -0.7165129650374678 0.400881644513425 -0.5557890927292617 0.3311617002349764
 -0.7419830844032407 -0.4684970752928921 -0.4679554042696798 -0.01806637982347736 0.5852487360541996 -0.5381344179567151 0.1961536277315275 -0.6381209677830221 -0.6192781028016002 0.5800825885580515 0.7406520886447192 0.5681089554207787 -0.02292828200723599 0.4333315646569067 -0.7271732035262218 0.04068585969439363 0.02896062533648894 -0.4786661810017719 0.659764524926082 0.07947075350854466 0.5217614194855034 0.6970899145307995 0.7207386936498429 0.5081583651816329 0.1633017277045144 0.3981062525514161 -0.1364987032636402 0.2584946536808886 -0.618578867039963 -0.3911697870203202
 0.1552394391845605 -0.0696577510242976 -0.3100937155679682 -0.2858705775226383 0.4003729889411772 -0.3380327917823283 -0.1155763256130139 -0.6840570962995819 0.5772047571384263 0.1193963743955624 -0.4200778305389915 -0.6301596244636716 -0.33261655636307 0.1651024217869516 -0.528214353804777 -0.5282967783379393 -0.1423806985864467 -0.02148565559377024 -0.01195679020552677 0.2316488262671349 0.6839160535382922 0.5218043430979759 -0.2858916117581682 0.1498120767007888 0.5697967095663777 0.3067169176344922 -0.4375971687505194 0.7285308243472973 0.6242220682914825 0.6985160012017608
 -0.4370059717831017 0.1309916502515437 -0.5395548702998922 0.7709571141958849 0.5774407303406316 -0.3019065463208982 -0.3756018180601329 0.5602866552170611 -0.6167070988926535 0.3937668010220253 0.6234232519618153 0.284174336864901 0.01739327417456566 -0.6107211124456153 -0.4635270664394149 -0.5869772136573683 0.4345188497446342 0.4361089786385421 -0.1947708280950958 0.4869037331665216 0.7222572784686838 0.2198542760184363 0.5085012211230341 -0.5984189957851417 -0.08319740483583232 -0.03280205374899606 0.2761977882304061 0.5106918732291462 0.04903409673009901 0.7244220574746745
 0.4938723839168829 0.6149280168138079 0.08553234313981159 -0.6818879066107398 0.6239444866474014 0.4574282028617763 0.2943553180258457 0.3473638717430296 -0.4986199830394341 0.3771910651141148 0.01572575668722427 0.04926427371502631 0.4069098669644861 -0.4052674214751019 0.3570017225278177 -0.5460583108588708 0.3137357662691845 -0.6159292391785087 0.3897934557001606 -0.1586757267099881 -0.6356442884270671 0.06184259310648861 0.7082673940084774 0.006669289550216261 0.01157681565687022 -0.5052480271908286 0.6794278910444396 0.3480003506250902 -0.1897350318228155 -0.6704889568585837
 0.1301026741220483 0.524721531007146 -0.4824541802488031 0.2880948228530932 -0.3835540244213018 -0.1011286887938398 -0.4275650522746485 0.5754989684592479 0.3210602324759483 -0.3819179777086621 -0.691691803225418 0.07578485035213678 -0.07683843830601388 -0.4561391699031832 0.02511524068120734 -0.6443558083204852 -0.3889923960884284 -0.4367206866021976 0.4154887998710976 -0.1386555043675742 0.01216255112818515 0.5983744375702078 0.5985241382303107 -0.03276849025326932 0.5006463949588449 -0.4816506165642917 -0.7542969469303776 -0.1632246769032782 -0.1217057566519705 -0.5973665262547361
 0.3790754823025806 -0.4171034516155565 -0.3947469498563586 -0.4547736165039783 0.4988688751402765 0.1580576786846514 -0.2212038752895869 0.1851958006217474 0.4306020946618055 0.04994232280521097 0.33538066050498 -0.5139069014737937 -0.05806843356282192 -0.6301679136486196 -0.07504381454718334 0.3966838286836775 -0.6708889017234205 -0.08069559646538201 0.469211177293786 0.6716657453122689 0.3185975598692362 -0.1942075706840199 -0.5527233629415588 0.5795094911646909 0.2410881299908844 0.263220891907435 -0.3718103674486804 0.5269067061143878 0.4743533349486543 -0.1460043810726997
 0.001316383823659186 -0.2981427744880095 -0.3189911289235696 0.1248567984219235 0.1222189682892919 0.1932026970141194 -0.2923988638490854 -0.5049635532828194 -0.2658699343366395 -0.6240444809899308 0.2203391992234544 -0.3205156969229003 0.3741844276650109 0.1981944403913609 -0.2346856800231493 0.6282835984438861 0.1058374012850769 0.4776413833372363 -0.4885311822086816 -0.03962938484427869 0.01146157427432168 0.5635175150703586 0.5995333504657709 -0.5026260106157612 -0.2254426397156104 -0.4769544805957007 -0.3807899264822912 0.0740264132431319 0.08529917291179163 0.7088821814479951
 -0.338072572673995 -0.3343820703583772 -0.3178577520993683 -0.03351441858621149 -0.3829382686937006 0.2539904409836908 0.5206349809891814 -0.6097212160602983 0.5122381357344187 0.6726101240827104 0.1910218821323119 -0.2393923217363937 0.5811702168164412 0.1385007569831584 -0.4585579287651056 0.09850497093756869 0.1336698908969439 -0.540072748547639 0.7264484372139046 0.3663338482683123 0.7274248689781388 -0.1680386162885087 -0.5524589503056641 0.05143176174232847 0.6073645531353844 0.3193066145612489 -0.3597410631842453 -0.04461128472361183 0.5127161426359824 0.3860889930310449
 -0.07568636059357879 -0.2386923591413453 0.1202499331394123 0.4904037342648827 0.6192193370036685 0.2520424878332244 -0.4142255026886327 0.2782874820622405 -0.1194428617963308 -0.3484973416279801 -0.06627375362528917 0.3051900939334221 -0.5763472232957563 0.566702028769047 -0.3379181903190625 0.4677579151252071 -0.1911687653904984 -0.5429771744365768 0.2099497929980009 0.4674519500242145 -0.07068289192924117 -0.3358026419053768 -0.7533156500052475 0.4928786639283237 0.2868113742633926 -0.382357413589099 0.4014502369882496 0.7147137734478411 0.06595894793867038 0.4988228813625663
 0.3738587334369082 -0.06881464128712332 -0.2472089428950852 0.5040248725151617 -0.01585599425231534 0.6603279455775223 0.5442228202729241 0.3565948402639089 -0.1768392217288162 -0.2446793093472652 0.7545123900900934 0.4316624969510716 -0.4751045252313639 -0.698579265953892 -0.1564855080617472 0.2441557908501486 -0.6966093120908083 0.06803754383970825 -0.3244796243818563 0.3274450531925938 -0.04938513678076514 -0.4399211539938871 0.5454501492530359 0.2126917401767243 -0.4113273395281812 0.5726128082832641 -0.03228564917857267 -0.1096462877859801 -0.4615953561177033 -0.6250910708461984
 0.02754144405463261 -0.4205053564549973 0.6821821798295314 -0.03315753478784822 -0.0146381506887583 0.1849764292624102 -0.2763731848839202 0.7435366688708261 -0.4017262516685258 0.107501668341561 -0.04612742296366557 0.6009093274810057 0.5445854285550501 -0.0878134594392629 0.1103163708562883 0.5042172013864319 -0.4277105494911365 0.407367839822282 0.6289142057958332 -0.6541006651839876 0.4150489124978632 -0.6467919791726386 -0.2901793785478497 -0.3910926685489045 -0.108012410554936 -0.4721439340901155 -0.08105984689203173 -0.3001011587278701 0.05342998598771218 0.7406014313954148
 -0.6616427412171721 -0.2746988473155522 0.2434061117825169 0.3132198464729604 -0.6145036984159731 -0.7203553785531516 0.6006206975772703 0.5659407550096029 0.7382109931966602 0.5977745364493446 0.3508985408531797 0.7166451281359816 -0.6482789414663667 0.3974697292971709 -0.5749578070874489 -0.1096903973812774 0.3809478105966324 0.7394652541666479 -0.2261718579943043 0.6857904720345794 0.3915155391433328 0.4092660434764507 -0.6618941314242697 0.3821084784423479 -0.4127339160202823 0.593468362141039 0.3898408199498556 -0.2075265921654659 -0.7299560687792146 0.6591617329711781



# name: <cell-element>
# type: matrix
# rows: 30
# columns: 1
 -0.314959761375758
 -0.0431061545594832
 -0.122468631652906
 -0.8685537784903391
 -0.895377105660079
 -0.6612060194176167
 -0.04006489225102493
 -0.7698473134875428
 -0.6847249121236821
 -0.1547762013547324
 -0.3817135767044756
 -1.006069858084691
 0.1060297267850516
 -0.4070259843754628
 -0.4308222962654511
 -0.8931019338764368
 -0.1503663847342165
 -0.1876313692964782
 0.480571036632881
 0.4257000904871002
 0.2479938973914768
 -0.7833858058521694
 0.607993892342264
 -0.306491088482194
 0.1964120860733873
 -0.3525005182291622
 0.1352927404542887
 0.341549880558068
 -0.6346757051233647
 0.1371080411998079





