# Created by Octave 4.2.2, Sat Jul 21 20:07:04 2018 GMT <unknown@unknown>
# name: mejor_metrica
# type: scalar struct
# ndims: 2
 1 1
# length: 8
# name: mnsc
# type: scalar
-13.09951492341332


# name: mae
# type: scalar
0.9448266707873297


# name: rmse
# type: scalar
0.9638154153441081


# name: r2
# type: scalar
-126.0462921025992


# name: lag
# type: scalar
30


# name: h
# type: scalar
1


# name: y_obtenido
# type: matrix
# rows: 205
# columns: 1
 1.581885712174111
 1.547832781571449
 1.434587589360216
 1.344450620797831
 1.359609557097144
 1.366333702615801
 1.262882803855899
 1.176699964254803
 1.177070139878023
 1.232344098247113
 1.19701500674921
 1.125873261543967
 1.105909081347671
 1.201563897309235
 1.258237654270717
 1.242480537338759
 1.226689479412238
 1.319876882023906
 1.447778249135763
 1.475228524678393
 1.485096111587282
 1.520844449215137
 1.656130296079669
 1.69661053826438
 1.683186130940951
 1.64942796214903
 1.695545827435308
 1.703749191406948
 1.617144166753453
 1.531714821430865
 1.524390598398247
 1.553028669219986
 1.470435171023315
 1.395865713343156
 1.36801862452981
 1.45119906069479
 1.420980412188844
 1.351368495987801
 1.311379423437341
 1.41150134008389
 1.489410535612097
 1.43957056377004
 1.411516797579745
 1.454821052335728
 1.590856819790441
 1.586619557173127
 1.545893674982467
 1.504235945866767
 1.552652816332124
 1.553498547825716
 1.492244036041505
 1.435284423427582
 1.47687318164544
 1.536316063871679
 1.503970409736118
 1.491088041758239
 1.505556926067616
 1.58531184344644
 1.54316785938981
 1.503254773115716
 1.476941292566412
 1.531757513793301
 1.555720772683165
 1.4952538478615
 1.446612665468602
 1.445902215531461
 1.517391931678273
 1.506400515336735
 1.483325904788155
 1.474857571366733
 1.570113076474435
 1.587505997366804
 1.541244553265015
 1.484403314224535
 1.497603525748147
 1.489944805248363
 1.389676502268095
 1.346529206337889
 1.367313403535388
 1.473948504081597
 1.482137679272457
 1.471554947455632
 1.50910548875127
 1.62674511844499
 1.625829053149184
 1.503356855342735
 1.429066030194087
 1.495661319390194
 1.569872783341424
 1.487808139784439
 1.433800080522594
 1.484092483480625
 1.614685511028773
 1.565877633372568
 1.42867207350391
 1.384571644899777
 1.46657202274578
 1.478496260249672
 1.370273718095544
 1.35833191842037
 1.497922137190537
 1.671969121483435
 1.658693507568098
 1.636660496337097
 1.690425265503129
 1.818440912205067
 1.769429158890158
 1.624486175053503
 1.597331823219983
 1.666228793051235
 1.688212505035679
 1.551246329084958
 1.465460663193652
 1.445074846208694
 1.476899885635168
 1.399921324899164
 1.297105550176259
 1.259148333469816
 1.331703999699694
 1.376663113564969
 1.329455555073858
 1.357986900371014
 1.431279362198813
 1.482995537644843
 1.402170497445619
 1.381031713928695
 1.425417703451983
 1.468287916409886
 1.449169349567913
 1.424387999872671
 1.506245086590805
 1.584332314667965
 1.574769984364185
 1.479317952562503
 1.437352905126121
 1.454249165277921
 1.410368455915298
 1.309536432914032
 1.269871321446539
 1.331369576430538
 1.377014937391324
 1.331739407917734
 1.318652101559092
 1.379978369745533
 1.424042273263417
 1.356478940581677
 1.249884433565448
 1.250346415997887
 1.32228107173043
 1.322382819784868
 1.233257158525685
 1.208272429973125
 1.301895030673254
 1.386313797902814
 1.392890538450734
 1.3822530199686
 1.443549604314695
 1.546429483279761
 1.559891484302216
 1.482016798235913
 1.398347456439172
 1.406267028614995
 1.387236114862786
 1.239720703453914
 1.09877108193122
 1.085321356360975
 1.102987336994097
 1.022228580907859
 0.8901755288111685
 0.8601627958777113
 0.9458578001703658
 1.007792112508133
 0.9782031407735269
 0.9446247721717357
 1.074105885652506
 1.212077335838988
 1.261668256409717
 1.275031389502125
 1.383495404981657
 1.516292702255724
 1.495138523548565
 1.415692470283481
 1.371873815830776
 1.395040433015382
 1.341217468947228
 1.220432758245654
 1.167305310485452
 1.223606479882607
 1.253895229147835
 1.199784196757701
 1.164822798173475
 1.224847006391983
 1.324355339302145
 1.325839189151319
 1.288964364823528
 1.324449026636741
 1.430499461496916
 1.445717250812027
 1.387148518662956
 1.383342422078573
 1.470489440485171
 1.522685193781738
 1.459553543346759
 1.407184195419506
 1.443061649609486


# name: y_esperado
# type: matrix
# rows: 205
# columns: 1
 0.4367816090000002
 0.3994252870000001
 0.4109195399999999
 0.3649425290000002
 0.41091954
 0.3994252870000001
 0.3850574710000001
 0.4626436780000002
 0.4310344830000001
 0.58908046
 0.4367816090000001
 0.4568965520000001
 0.327586207
 0.632183908
 0.5143678160000001
 0.594827586
 0.41091954
 0.4425287360000002
 0.5143678160000003
 0.439655172
 0.362068966
 0.3477011489999998
 0.4856321840000003
 0.4741379310000001
 0.511494253
 0.422413793
 0.5402298850000002
 0.4339080460000002
 0.4051724139999999
 0.3448275860000001
 0.50862069
 0.4942528740000002
 0.4281609199999999
 0.4597701150000001
 0.3275862070000003
 0.5316091950000003
 0.4540229889999999
 0.387931034
 0.41091954
 0.3994252870000001
 0.4482758620000001
 0.4626436779999999
 0.4942528740000001
 0.3821839080000001
 0.4626436780000001
 0.4482758620000001
 0.4770114940000001
 0.3132183909999999
 0.5344827590000001
 0.4137931030000003
 0.4626436780000001
 0.4281609199999999
 0.494252874
 0.5229885060000001
 0.399425287
 0.3735632179999999
 0.4109195400000001
 0.5775862070000002
 0.4597701150000001
 0.540229885
 0.4827586210000002
 0.4770114940000003
 0.465517241
 0.5373563220000001
 0.405172414
 0.3764367820000002
 0.5057471259999999
 0.3965517240000002
 0.4080459770000001
 0.364942529
 0.5517241380000002
 0.5545977010000003
 0.505747126
 0.4942528740000001
 0.5143678160000003
 0.451149425
 0.376436782
 0.2241379310000001
 0.3706896550000002
 0.5344827590000003
 0.33908046
 0.3017241379999999
 0.3132183910000002
 0.5172413790000002
 0.540229885
 0.3362068969999998
 0.3132183910000001
 0.3965517240000001
 0.4942528740000001
 0.3649425289999998
 0.4482758619999999
 0.4281609200000002
 0.6034482760000002
 0.4626436780000001
 0.525862069
 0.385057471
 0.4454022990000001
 0.4655172410000001
 0.471264368
 0.5574712640000001
 0.431034483
 0.5718390800000002
 0.454022989
 0.3275862070000001
 0.4022988510000002
 0.517241379
 0.364942529
 0.4252873560000001
 0.4770114940000001
 0.4482758620000001
 0.5689655170000001
 0.5862068970000001
 0.4683908050000001
 0.451149425
 0.522988506
 0.4166666670000003
 0.402298851
 0.488505747
 0.5459770110000002
 0.5718390800000002
 0.3419540230000001
 0.474137931
 0.6235632180000001
 0.5316091950000001
 0.3793103449999999
 0.4482758619999999
 0.5201149430000003
 0.4022988510000001
 0.4396551719999998
 0.405172414
 0.3678160920000001
 0.497126437
 0.3304597699999999
 0.5172413790000001
 0.5689655170000002
 0.4885057470000001
 0.4655172410000001
 0.382183908
 0.4166666670000001
 0.474137931
 0.620689655
 0.5143678160000003
 0.5000000000000002
 0.4770114940000001
 0.5459770110000001
 0.7442528739999998
 0.531609195
 0.5459770110000001
 0.8045977010000004
 0.6408045980000002
 0.6839080460000001
 0.4396551720000001
 0.4683908049999999
 0.451149425
 0.5229885059999999
 0.4540229889999999
 0.4022988510000002
 0.5890804600000002
 0.5632183910000002
 0.4511494250000002
 0.511494253
 0.6149425290000001
 0.6206896550000002
 0.5545977009999999
 0.5919540229999999
 0.5316091950000001
 0.5000000000000001
 0.591954023
 0.5201149430000001
 0.5143678160000001
 0.5545977010000002
 0.4482758620000002
 0.4425287360000001
 0.41091954
 0.514367816
 0.5574712640000002
 0.4252873560000001
 0.3103448280000001
 0.4971264370000003
 0.548850575
 0.402298851
 0.344827586
 0.3419540230000001
 0.5028735630000003
 0.439655172
 0.408045977
 0.488505747
 0.4022988510000001
 0.451149425
 0.4770114939999999
 0.4310344830000001
 0.488505747
 0.6034482760000001
 0.4511494250000001
 0.5229885060000001
 0.465517241
 0.4971264370000001
 0.574712644
 0.612068966
 0.454022989
 0.540229885
 0.5316091950000001
 0.5833333330000002
 0.445402299
 0.2499999999999999




