# Created by Octave 4.2.2, Mon Jul 23 06:56:29 2018 -04 <francisco@francisco-X555LB>
# name: mejor_metrica
# type: scalar struct
# ndims: 2
 1 1
# length: 8
# name: mnsc
# type: scalar
0.09601626050961332


# name: mae
# type: scalar
0.07773074196837913


# name: rmse
# type: scalar
0.0974298095984413


# name: r2
# type: scalar
0.2125604309907295


# name: lag
# type: scalar
28


# name: h
# type: scalar
1


# name: y_obtenido
# type: matrix
# rows: 207
# columns: 1
 0.2661175385746278
 0.2548855436408033
 0.3611946477872044
 0.3236943989449175
 0.3231724006301058
 0.2793849025354033
 0.2670562727409491
 0.361381895561768
 0.2729328714534663
 0.2278975280853632
 0.2840693165248326
 0.3331622324713407
 0.3680072756638376
 0.3205473145756133
 0.3118360062975287
 0.347247630552995
 0.3282532252710199
 0.3426479719859165
 0.3207319778197746
 0.3697841054739797
 0.4125741476025169
 0.3013995231007192
 0.2768089049985233
 0.2784221334024232
 0.2865267663613028
 0.308618917794543
 0.2517486793654231
 0.2354149940380089
 0.3537095460159814
 0.3685908688547609
 0.3151457725442495
 0.2676793991364424
 0.2277265151434098
 0.3357289107942202
 0.2806055679345075
 0.2591511338609172
 0.2693287489177092
 0.3138343655049284
 0.3013151574448833
 0.2920641625227929
 0.228153272305804
 0.278874883948748
 0.2976830201041756
 0.2345843787232918
 0.2414966233827723
 0.2836051573450616
 0.3737042010322073
 0.2940895037993671
 0.2673839424766238
 0.2373335448683492
 0.317649455049747
 0.3068287735571568
 0.295942840877131
 0.2180409743013801
 0.2824676552581979
 0.3635019100999689
 0.306327188278373
 0.2528747791331482
 0.2441187177845981
 0.3104405861149716
 0.2708654938816157
 0.2905897565683785
 0.3161092642611875
 0.3491038753081278
 0.3397448590798289
 0.3015395136242687
 0.2863136147941355
 0.3088415819235642
 0.3040668330384011
 0.2789859289616222
 0.2614215304805726
 0.1917320094322596
 0.3086278975932466
 0.3199869280305541
 0.2940686646858175
 0.2840061047702807
 0.3602272151779625
 0.4002912030855706
 0.2909532671845451
 0.2776814251186894
 0.2200434394439396
 0.2385419259423935
 0.2468507207051399
 0.2357610038669571
 0.1797771395353929
 0.2708366201378691
 0.274704951175609
 0.2593505737626761
 0.2346577333453756
 0.300856179228317
 0.311963124387244
 0.2098167995311843
 0.1926999448315934
 0.248784925007157
 0.3706581033093415
 0.3392617229851586
 0.277308977920264
 0.2907660530555149
 0.3573438108551628
 0.3337018647045655
 0.2549417846456786
 0.1887507761832193
 0.2928026499777525
 0.3922443511812562
 0.3136913897707684
 0.2694783088302601
 0.2102464887104519
 0.3310816989237314
 0.3251451379189505
 0.1871004789471099
 0.2184378283759272
 0.3156585648420824
 0.323040157921592
 0.259641408023714
 0.3055354347992401
 0.364635643248965
 0.3833569079346977
 0.3054610617148074
 0.2728575870760516
 0.2192559784766795
 0.3134622189610818
 0.3809283682026589
 0.2859904229064165
 0.2691246644008267
 0.3381496564312836
 0.4004395301394124
 0.2831916980344919
 0.2897758340161288
 0.3383999470437438
 0.354148665021119
 0.2702246864092729
 0.2849601931952893
 0.2825590259782253
 0.2857653633938722
 0.2983366830140419
 0.2406375753403876
 0.277693737481478
 0.338683021183431
 0.3856902576954586
 0.3299099782840774
 0.2490442307926868
 0.3000928660141511
 0.351612120411091
 0.301000874685126
 0.3006206965087231
 0.3646395449690435
 0.3900494024588271
 0.3638766072218872
 0.38164406201442
 0.384493018991514
 0.4348510621271627
 0.4935168279353174
 0.3880810327088671
 0.4101447741508385
 0.4633595657934415
 0.4347042900113622
 0.3144595861782061
 0.2496625735021552
 0.3226790532676397
 0.3422281661356632
 0.3659485886794367
 0.3267023524877067
 0.3136312074151353
 0.3885601920289481
 0.4455809385657701
 0.4343321235095655
 0.3449178143619931
 0.4053934616513049
 0.4848026563039143
 0.3830123398169897
 0.387085911749719
 0.4088383632617363
 0.412610627523708
 0.4100314413493354
 0.3890621078016943
 0.2707617196369394
 0.3031559287459881
 0.422928221322242
 0.3618300412204281
 0.3058530460038615
 0.312604201500369
 0.3822865528915369
 0.3782505812452124
 0.2815067755520418
 0.315867628846032
 0.372471014055424
 0.3251897574609759
 0.2950307510618804
 0.2638586952554948
 0.3629933574987276
 0.3361780408132164
 0.3001482480657898
 0.2831524298638993
 0.3009996562702103
 0.379579584567213
 0.374801439770862
 0.309738499531446
 0.3050347905106005
 0.4031585207505547
 0.4073913115549758
 0.3136051270182295
 0.3404099506576607
 0.3882617884341469
 0.3914901886025385
 0.3593578552642686
 0.3334871296135157
 0.3272897770081573


# name: y_esperado
# type: matrix
# rows: 207
# columns: 1
 0.2518518520332507
 0.2777777772765426
 0.2740740738544852
 0.2259259255010695
 0.2407407404781889
 0.1814814818586007
 0.2407407404781891
 0.2259259255010696
 0.2074074071018927
 0.3074074072307814
 0.2666666670103701
 0.4703703706902053
 0.2740740738544852
 0.3000000003866664
 0.1333333335051849
 0.5259259258877361
 0.3740740739833739
 0.4777777775343204
 0.240740740478189
 0.2814814819874893
 0.374074073983374
 0.2777777772765427
 0.177777778436543
 0.1592592587484769
 0.3370370371850201
 0.3222222222079006
 0.3703703705613164
 0.2555555554553082
 0.4074074073596703
 0.2703703704324276
 0.2333333336340738
 0.1555555553264196
 0.3666666671392587
 0.3481481487400818
 0.2629629635883123
 0.3037037038087239
 0.1333333335051849
 0.3962962958046087
 0.2962962969646086
 0.2111111105239504
 0.240740740478189
 0.2259259255010696
 0.2888888888316045
 0.3074074072307814
 0.3481481487400819
 0.203703703679835
 0.3074074072307815
 0.2888888888316045
 0.3259259256299584
 0.1148148151060081
 0.400000000515555
 0.2444444439002465
 0.3074074072307814
 0.2629629635883125
 0.3481481487400819
 0.3851851855384356
 0.2259259255010696
 0.1925925921247735
 0.2407407404781889
 0.4555555557130858
 0.3037037038087237
 0.4074074073596704
 0.3333333337629625
 0.3259259256299583
 0.3111111106528392
 0.4037037039376128
 0.2333333336340737
 0.1962962968357198
 0.3629629624283124
 0.2222222220790118
 0.2370370370561313
 0.1814814818586006
 0.4222222223367895
 0.4259259257588471
 0.3629629624283123
 0.3481481487400819
 0.3740740739833739
 0.2925925922536621
 0.1962962968357199
 5.551115123125783e-17
 0.1888888887027158
 0.4000000005155548
 0.1481481484823041
 0.1000000001288885
 0.1148148151060079
 0.3777777774054315
 0.4074074073596702
 0.1444444450602468
 0.1148148151060082
 0.222222222079012
 0.3481481487400818
 0.1814814818586005
 0.2888888888316049
 0.2629629635883123
 0.488888889089382
 0.3074074072307815
 0.3888888889604935
 0.2074074071018928
 0.2851851854095468
 0.3111111106528391
 0.318518518785843
 0.4296296291809049
 0.2666666670103699
 0.4481481475800819
 0.2962962969646085
 0.1333333335051851
 0.2296296302120162
 0.3777777774054314
 0.1814814818586005
 0.2592592588773658
 0.3259259256299585
 0.2888888888316044
 0.444444444158024
 0.4666666672681476
 0.3148148153637856
 0.2925925922536621
 0.3851851855384359
 0.2481481486111929
 0.2296296302120161
 0.3407407406070778
 0.4148148142037852
 0.4481481475800816
 0.151851851904362
 0.3222222222079009
 0.5148148143326742
 0.3962962958046085
 0.2000000002577775
 0.2888888888316047
 0.381481482116378
 0.2296296302120159
 0.2777777772765428
 0.2333333336340737
 0.1851851852806579
 0.3518518521621393
 0.1370370369272426
 0.3777777774054316
 0.444444444158024
 0.3407407406070777
 0.3111111106528391
 0.2037037036798353
 0.2481481486111931
 0.3222222222079007
 0.5111111109106167
 0.3740740739833739
 0.3555555555841969
 0.3259259256299584
 0.4148148142037854
 0.6703703709479827
 0.3962962958046084
 0.4148148142037856
 0.748148147966748
 0.5370370374427975
 0.5925925926403285
 0.2777777772765431
 0.3148148153637857
 0.2925925922536619
 0.3851851855384356
 0.2962962969646085
 0.2296296302120159
 0.470370370690205
 0.4370370373139087
 0.2925925922536621
 0.3703703705613165
 0.5037037040665016
 0.5111111109106166
 0.4259259257588472
 0.4740740741122629
 0.3962962958046085
 0.355555555584197
 0.4740740741122628
 0.3814814821163781
 0.374074073983374
 0.4259259257588472
 0.2888888888316045
 0.281481481987489
 0.240740740478189
 0.3740740739833739
 0.4296296291809046
 0.2592592588773658
 0.1111111116839504
 0.3518518521621393
 0.4185185189147318
 0.229629630212016
 0.1555555553264197
 0.1518518519043618
 0.3592592590062545
 0.2777777772765427
 0.2370370370561314
 0.3407407406070778
 0.229629630212016
 0.2925925922536621
 0.3259259256299585
 0.2666666670103701
 0.3407407406070777
 0.4888888890893821
 0.2925925922536621
 0.3851851855384357
 0.3111111106528392
 0.3518518521621394
 0.4518518522910282
 0.5000000006444439
 0.2962962969646087
 0.4074074073596702
 0.3962962958046085
 0.4629629625572009
 0.2851851854095468
 0.03333333337629624




